%YAML 1.2
---
cam0:
  T_imu_cam:
    - [ 0, 0, 1,  0.13 ]
    - [ 1,  0, 0, 0.02 ]
    - [ 0,  1, 0, 0.10 ]
    - [ 0,  0, 0,  1    ]  #front facing

  #T_imu_cam:
  #  - [ 0, -1, 0,  0.0 ]
  #  - [ 1,  0, 0,  0.13 ]s
  #  - [ 0,  0, 1,  -0.1]
  #  - [ 0,  0, 0,  1    ]  #down facing
  #cam_overlaps: [0]
  camera_model: pinhole
  distortion_coeffs: [-0.0569984018802643, 0.0675019398331642, 0.000593055330682546, 0.00061372626805678, -0.0220595002174377 ]
  distortion_model: radtan
  intrinsics: [643.044311523438, 642.235290527344, 649.2802734375, 361.402557373047] 
  resolution: [1280, 720]
  rostopic: /camera/camera/color/image_raw



# Intrinsic of "Depth" / 1280x720 / {Z16}
#   Width:        1280
#   Height:       720
#   PPX:          646.460632324219
#   PPY:          365.833923339844
#   Fx:           651.888244628906
#   Fy:           651.888244628906
#   Distortion:   Brown Conrady
#   Coeffs:       0    0    0    0    0  
#   FOV (deg):    88.94 x 57.82
