%YAML:1.0

imu0:
  T_i_b:
    - [1.0, 0.0, 0.0, 0.0]
    - [0.0, 1.0, 0.0, 0.0]
    - [0.0, 0.0, 1.0, 0.0]
    - [0.0, 0.0, 0.0, 1.0]

  # from Kalibr papers / Intel datasets
  accelerometer_noise_density: 0.012
  accelerometer_random_walk: 0.0004
  gyroscope_noise_density: 0.0015
  gyroscope_random_walk: 0.00003

  rostopic: /camera/camera/imu
  time_offset: 0.0
  update_rate: 200
  model: "kalibr"

  Tw:
    - [1.0, 0.0, 0.0]
    - [0.0, 1.0, 0.0]
    - [0.0, 0.0, 1.0]

  R_IMUtoGYRO:
    - [1.0, 0.0, 0.0]
    - [0.0, 1.0, 0.0]
    - [0.0, 0.0, 1.0]

  Ta:
    - [1.0, 0.0, 0.0]
    - [0.0, 1.0, 0.0]
    - [0.0, 0.0, 1.0]

  R_IMUtoACC:
    - [1.0, 0.0, 0.0]
    - [0.0, 1.0, 0.0]
    - [0.0, 0.0, 1.0]

  Tg:
    - [0.0, 0.0, 0.0]
    - [0.0, 0.0, 0.0]
    - [0.0, 0.0, 0.0]
