%YAML:1.0


cam0:
  T_cam_imu:
    - [0.9999654398038452, 0.007342326779113337, -0.003899927610975742, -0.027534314618518095]
    - [-0.0073452195116216765, 0.9999727585590525, -0.0007279355223411334, -0.0030587146933711722]
    - [0.0038944766308488753, 0.0007565561891287445, 0.9999921303062861, -0.023605118842939803]
    - [0.0, 0.0, 0.0, 1.0]
  cam_overlaps: []
  camera_model: pinhole
  distortion_model: radtan   # same as plumb_bob
  distortion_coeffs: [-0.05826902016997337, 0.06956689804792404, -9.677757770987228e-05, 0.0006882482557557523, -0.02246902696788311]
  intrinsics: [384.4638671875, 384.01495361328125, 324.2052001953125, 241.80335998535156]
  resolution: [640, 480]
  rostopic: /camera/camera/color/image_raw
  timeshift_cam_imu: 0.002524377913673846



